1.000000000000000000e+00 3.002319869021627396e-01 2.863242655751020438e-01 6.316772022296165967e-02 5.929491305294816161e-01 6.920430753226343157e-01 4.264140724486781830e-01 4.831613571036630361e-01
3.002319869021627396e-01 1.000000000000000000e+00 3.167234684208605211e-01 4.370415365800649488e-01 1.810544782843502287e-01 1.568285947854162199e-01 2.355820728883145643e-02 7.416632085735336277e-02
2.863242655751020438e-01 3.167234684208605211e-01 1.000000000000000000e+00 2.873464457378805958e-01 1.289022630314277384e-01 1.729513975951519344e-01 3.659151225132289409e-01 2.758057291244312426e-01
6.316772022296165967e-02 4.370415365800649488e-01 2.873464457378805958e-01 1.000000000000000000e+00 -1.391467992681044152e-01 -8.853455936907370094e-02 3.299215204693036613e-02 -3.040381943887666971e-02
5.929491305294816161e-01 1.810544782843502287e-01 1.289022630314277384e-01 -1.391467992681044152e-01 1.000000000000000000e+00 6.712402103032982792e-01 3.068753723785832555e-01 4.813577409330276335e-01
6.920430753226343157e-01 1.568285947854162199e-01 1.729513975951519344e-01 -8.853455936907370094e-02 6.712402103032982792e-01 1.000000000000000000e+00 4.764368357350072247e-01 6.625333515651150584e-01
4.264140724486781830e-01 2.355820728883145643e-02 3.659151225132289409e-01 3.299215204693036613e-02 3.068753723785832555e-01 4.764368357350072247e-01 1.000000000000000222e+00 7.570564964001195163e-01
4.831613571036630361e-01 7.416632085735336277e-02 2.758057291244312426e-01 -3.040381943887666971e-02 4.813577409330276335e-01 6.625333515651150584e-01 7.570564964001195163e-01 1.000000000000000000e+00
